#         t   r500_eps r500/2_eps r500/4_eps    r500_pa  r500/2_pa  r500/4_pa   r500_sma r500/2_sma r500/4_sma   r500_smb r500/2_smb r500/4_smb
      0.000      0.099      0.099      0.099      0.308      0.308      0.308     69.809     35.823     18.383     66.269     34.006     17.451
    142.857      0.075      0.075      0.085      0.500      0.500      2.937     71.646     36.766     17.152     68.911     35.362     16.404
    285.714      0.019      0.083      0.046      0.227      0.082      2.121     71.646     36.766     17.152     70.962     35.206     16.749
    428.571      0.081      0.043      0.018      1.446      1.557      1.446     71.646     36.766     17.152     68.675     35.973     17.001
    571.429      0.179      0.145      0.014      1.575      1.448      0.967     71.899     36.896     17.212     65.162     34.108     17.090
    714.286      0.294      0.211      0.043      1.604      1.737      1.604     71.899     36.896     17.212     60.397     32.782     16.842
    857.143      0.454      0.267      0.168      1.594      1.644      1.597     70.796     36.329     18.643     52.292     31.100     17.004
   1000.000      0.413      0.413      0.025      1.643      1.643      1.359     72.912     37.415     17.455     55.857     28.663     17.239
   1142.857      0.389      0.234      0.007      1.546      1.556      2.752     72.659     37.285     17.394     56.797     32.641     17.329
   1285.714      0.101      0.101      0.069      1.263      1.263      1.152     71.140     36.506     17.030     67.441     34.608     16.434
   1428.571      0.089      0.089      0.089      2.422      2.422      2.422     67.096     34.431     17.668     64.029     32.857     16.861
   1571.429      0.204      0.204      0.129      1.563      1.563      2.208     64.876     33.291     17.084     57.870     29.696     15.941
   1714.286      0.073      0.073      0.080      1.856      1.856      2.172     64.811     33.258     15.515     62.409     32.026     14.879
   2000.000      0.040      0.040      0.095      1.521      1.521      1.194     61.519     31.569     14.727     60.290     30.938     14.008
   2142.857      0.082      0.082      0.116      1.522      1.522      1.254     58.955     30.253     15.525     56.487     28.987     14.594
   2285.714      0.121      0.121      0.119      1.242      1.242      0.996     59.494     30.530     14.242     55.783     28.626     13.371
   2428.571      0.106      0.106      0.106      0.763      0.763      0.763     57.229     29.367     15.070     54.110     27.767     14.249
   2571.429      0.069      0.069      0.069      1.531      1.531      1.531     58.228     29.880     13.939     56.191     28.835     13.452
   2714.286      0.059      0.059      0.022      3.064      3.064      1.494     57.975     29.750     13.879     56.248     28.864     13.723
   3142.857      0.071      0.071      0.071      0.974      0.974      0.974     57.469     29.491     13.758     55.398     28.428     13.262
   3428.571      0.242      0.044      0.128      1.420      1.571      1.068     57.216     29.361     13.697     49.830     28.702     12.791
   3571.429      0.103      0.103      0.064      1.699      1.699      2.184     55.749     28.608     14.680     52.786     27.087     14.205
   3714.286      0.090      0.090      0.093      1.497      1.497      1.381     55.749     28.608     14.680     53.176     27.288     13.981
   3857.143      0.223      0.223      0.037      1.609      1.609      1.609     57.216     29.361     13.697     50.438     25.883     13.439
   4142.857      0.185      0.185      0.102      1.263      1.263      0.940     56.735     29.114     14.940     51.209     26.278     14.160
   4285.714      0.018      0.018      0.039      1.216      1.216      0.990     57.975     29.750     13.879     57.451     29.481     13.605
   4428.571      0.066      0.066      0.009      3.037      3.037      0.283     56.962     29.231     13.636     55.036     28.242     13.576
   4571.429      0.091      0.091      0.091      3.028      3.028      3.028     53.775     27.595     14.161     51.256     26.303     13.497
   4714.286      0.080      0.080      0.080      0.855      0.855      0.855     51.555     26.456     13.576     49.441     25.371     13.019
   5000.000      0.121      0.121      0.025      1.534      1.534      1.534     49.874     25.593     11.939     46.750     23.990     11.787
   5142.857      0.253      0.253      0.160      1.808      1.808      2.134     49.367     25.333     11.818     42.664     21.893     10.828
   5285.714      0.395      0.395      0.323      0.768      0.768      0.684     50.127     25.723     12.000     38.978     20.002      9.871
   5428.571      0.193      0.193      0.193      2.078      2.078      2.078     48.348     24.810     12.732     43.444     22.294     11.440
   5857.143      0.120      0.120      0.120      0.107      0.107      0.107     40.455     20.760     10.653     37.945     19.472      9.992
   6000.000      0.064      0.064      0.084      0.044      0.044      1.690     39.241     20.137      9.394     37.974     19.486      8.989
   6285.714      0.144      0.144      0.086      0.745      0.745      2.773     37.215     19.097      8.909     34.434     17.670      8.516
   6428.571      0.141      0.141      0.141      0.648      0.648      0.648     37.215     19.097      8.909     34.494     17.701      8.258
   8285.714      0.101      0.101      0.101      2.764      2.764      2.764     31.821     16.329      8.379     30.171     15.483      7.945
   9428.571      0.137      0.137      0.137      2.743      2.743      2.743     29.354     15.063      7.730     27.277     13.998      7.183
