#         t   r500_eps r500/2_eps r500/4_eps    r500_pa  r500/2_pa  r500/4_pa   r500_sma r500/2_sma r500/4_sma   r500_smb r500/2_smb r500/4_smb
      0.000      0.112      0.023      0.123      3.064      1.698      0.919     71.646     36.766     17.152     67.508     36.339     16.059
    142.857      0.020      0.020      0.014      1.764      1.764      2.719     71.646     36.766     17.152     70.917     36.392     17.033
    285.714      0.017      0.136      0.128      2.130      1.151      1.607     71.646     36.766     17.152     71.031     34.167     16.013
    428.571      0.197      0.197      0.146      1.353      1.353      1.353     71.646     36.766     17.152     64.211     32.951     15.846
    571.429      0.313      0.196      0.126      1.060      0.924      1.060     71.899     36.896     17.212     59.594     33.081     16.094
    714.286      0.251      0.106      0.008      0.498      0.479      0.498     71.899     36.896     17.212     62.217     34.881     17.144
    857.143      0.448      0.255      0.193      0.307      3.008      2.870     72.659     37.285     17.394     53.982     32.174     15.625
   1000.000      0.415      0.241      0.189      2.946      2.667      2.199     72.912     37.415     17.455     55.764     32.595     15.720
   1142.857      0.347      0.313      0.138      2.545      2.314      1.731     72.659     37.285     17.394     58.717     30.900     16.145
   1285.714      0.260      0.159      0.109      1.850      1.677      1.302     71.140     36.506     17.030     61.189     33.473     16.080
   1428.571      0.239      0.169      0.166      1.737      1.486      0.328     68.861     35.337     16.485     60.088     32.210     15.057
   1571.429      0.084      0.084      0.031      2.880      2.880      2.880     66.583     34.168     15.939     63.722     32.699     15.694
   1714.286      0.063      0.063      0.149      0.073      0.073      3.051     64.811     33.258     15.515     62.751     32.201     14.314
   2000.000      0.068      0.068      0.068      0.996      0.996      0.996     59.942     30.760     15.785     57.871     29.697     15.239
   2142.857      0.039      0.039      0.123      2.197      2.197      0.724     60.507     31.050     14.485     59.300     30.430     13.564
   2285.714      0.089      0.089      0.063      2.184      2.184      2.736     59.494     30.530     14.242     56.786     29.140     13.786
   2428.571      0.149      0.161      0.149      0.585      0.141      0.514     58.735     30.140     14.061     54.188     27.602     12.972
   2571.429      0.075      0.075      0.075      0.470      0.470      0.470     58.228     29.880     13.939     56.013     28.744     13.409
   2714.286      0.131      0.131      0.044      3.122      3.122      2.617     57.975     29.750     13.879     54.039     27.730     13.569
   3000.000      0.066      0.066      0.035      1.536      1.536      0.388     57.469     29.491     13.758     55.538     28.500     13.513
   3285.714      0.114      0.114      0.060      2.504      2.504      2.997     57.469     29.491     13.758     54.100     27.762     13.337
   3428.571      0.146      0.045      0.097      0.189      0.615      0.610     57.216     29.361     13.697     52.883     28.695     13.013
   3571.429      0.154      0.154      0.048      0.540      0.540      0.540     57.216     29.361     13.697     52.638     27.011     13.362
   3714.286      0.131      0.131      0.164      0.184      0.184      0.319     57.216     29.361     13.697     53.340     27.372     12.523
   3857.143      0.165      0.071      0.131      0.207      2.956      2.273     57.216     29.361     13.697     52.293     28.306     12.771
   4000.000      0.231      0.231      0.118      2.432      2.432      2.008     56.242     28.861     14.810     49.312     25.305     13.908
   4142.857      0.254      0.254      0.212      2.226      2.226      1.786     56.735     29.114     14.940     48.997     25.143     13.262
   4285.714      0.198      0.198      0.214      1.579      1.579      1.412     57.975     29.750     13.879     51.905     26.636     12.305
   4714.286      0.073      0.073      0.176      0.934      0.934      0.454     52.912     27.152     12.667     50.951     26.146     11.498
   4857.143      0.059      0.059      0.040      1.379      1.379      1.379     51.140     26.243     12.242     49.608     25.457     11.996
   5000.000      0.055      0.055      0.167      2.581      2.581      1.070     49.874     25.593     11.939     48.473     24.875     10.896
   5142.857      0.051      0.051      0.137      1.534      1.534      1.648     48.102     24.684     12.667     46.852     24.042     11.764
   5285.714      0.230      0.230      0.117      0.682      0.682      0.270     50.127     25.723     12.000     43.988     22.573     11.274
   5428.571      0.125      0.125      0.125      0.421      0.421      0.421     48.348     24.810     12.732     45.220     23.205     11.908
   5571.429      0.031      0.031      0.031      0.472      0.472      0.472     46.375     23.798     12.212     45.645     23.423     12.020
   5714.286      0.045      0.045      0.045      0.289      0.289      0.289     43.168     22.152     11.368     42.180     21.645     11.107
   6285.714      0.122      0.122      0.041      2.809      2.809      2.809     37.215     19.097      8.909     34.873     17.895      8.726
   6571.429      0.070      0.070      0.070      1.608      1.608      1.608     36.508     18.734      9.614     35.213     18.070      9.273
   6714.286      0.250      0.250      0.234      3.008      3.008      2.968     37.215     19.097      8.909     32.227     16.538      7.797
   6857.143      0.156      0.156      0.156      2.591      2.591      2.591     36.015     18.481      9.484     33.087     16.979      8.713
