#         t   r500_eps r500/2_eps r500/4_eps    r500_pa  r500/2_pa  r500/4_pa   r500_sma r500/2_sma r500/4_sma   r500_smb r500/2_smb r500/4_smb
      0.000      0.045      0.045      0.027      0.000      0.000      0.475     71.646     36.766     17.152     69.999     35.921     16.914
    142.857      0.083      0.092      0.035      1.704      2.924      1.588     71.646     36.766     17.152     68.610     35.037     16.846
    285.714      0.023      0.133      0.023      1.406      1.879      2.040     71.646     36.766     17.152     70.814     34.226     16.952
    428.571      0.110      0.110      0.046      1.569      1.569      2.638     71.646     36.766     17.152     67.587     34.683     16.752
    571.429      0.287      0.153      0.053      1.555      1.726      0.497     71.899     36.896     17.212     60.713     33.958     16.752
    714.286      0.341      0.225      0.007      1.648      1.719      1.507     71.899     36.896     17.212     58.366     32.485     17.154
    857.143      0.123      0.123      0.127      1.493      1.742      1.094     72.659     37.285     17.394     68.028     34.909     16.250
   1000.000      0.149      0.108      0.149      1.457      1.457      1.462     72.912     37.415     17.455     67.266     35.343     16.103
   1142.857      0.227      0.216      0.174      1.575      1.507      1.377     72.659     37.285     17.394     63.887     33.018     15.807
   1285.714      0.305      0.151      0.151      1.581      1.581      1.199     71.140     36.506     17.030     59.310     33.641     15.695
   1428.571      0.269      0.269      0.093      1.414      1.414      0.865     68.861     35.337     16.485     58.884     30.217     15.699
   1571.429      0.059      0.059      0.103      2.679      2.679      1.167     66.583     34.168     15.939     64.579     33.139     15.098
   1714.286      0.154      0.154      0.048      1.449      1.449      1.004     64.811     33.258     15.515     59.605     30.587     15.138
   1857.143      0.169      0.169      0.093      1.676      1.676      2.222     63.038     32.349     15.091     57.472     29.492     14.372
   2142.857      0.127      0.127      0.007      2.223      2.223      2.223     60.507     31.050     14.485     56.527     29.007     14.431
   2285.714      0.114      0.114      0.105      1.972      1.972      0.992     59.494     30.530     14.242     55.985     28.729     13.475
   2428.571      0.086      0.086      0.097      2.696      2.696      1.619     58.735     30.140     14.061     56.150     28.814     13.360
   2571.429      0.059      0.059      0.070      0.714      0.714      1.497     58.228     29.880     13.939     56.486     28.986     13.445
   2714.286      0.087      0.087      0.069      2.541      2.541      2.002     57.975     29.750     13.879     55.381     28.419     13.392
   2857.143      0.038      0.038      0.012      0.634      0.634      0.634     57.469     29.491     13.758     56.356     28.919     13.671
   3142.857      0.038      0.038      0.110      1.367      1.367      2.371     55.995     28.734     14.745     54.935     28.190     13.910
   3285.714      0.037      0.064      0.087      1.605      2.209      0.414     57.469     29.491     13.758     56.386     28.528     13.142
   3428.571      0.172      0.172      0.037      1.637      1.637      2.087     57.216     29.361     13.697     52.056     26.713     13.440
   3571.429      0.018      0.018      0.015      0.214      0.214      2.535     57.216     29.361     13.697     56.684     29.088     13.591
   3714.286      0.128      0.128      0.114      1.576      1.576      0.925     57.216     29.361     13.697     53.414     27.410     12.893
   3857.143      0.229      0.162      0.050      1.749      1.749      2.131     55.749     28.608     14.680     48.944     26.191     14.306
   4000.000      0.285      0.285      0.180      1.865      1.865      1.847     57.722     29.620     13.818     48.805     25.045     12.515
   4142.857      0.370      0.325      0.141      1.740      1.924      1.743     56.735     29.114     14.940     45.021     23.911     13.845
   4285.714      0.195      0.195      0.164      2.165      2.165      2.165     56.489     28.988     14.875     50.687     26.011     13.604
   4571.429      0.095      0.095      0.095      0.248      0.248      0.248     53.775     27.595     14.161     51.167     26.257     13.474
   4857.143      0.237      0.237      0.095      1.907      1.907      1.907     51.140     26.243     12.242     44.678     22.927     11.648
   5142.857      0.136      0.136      0.178      1.024      1.024      1.329     48.102     24.684     12.667     44.717     22.947     11.483
   5285.714      0.139      0.139      0.139      3.018      3.018      3.018     48.842     25.063     12.862     45.324     23.258     11.935
   5571.429      0.030      0.030      0.030      3.056      3.056      3.056     46.375     23.798     12.212     45.668     23.435     12.026
   6142.857      0.022      0.022      0.138      1.715      1.715      2.075     37.722     19.357      9.030     37.313     19.148      8.383
   6571.429      0.073      0.073      0.046      2.514      2.514      0.943     37.469     19.227      8.970     36.069     18.509      8.761
   6714.286      0.054      0.054      0.054      0.940      0.940      0.940     36.261     18.608      9.549     35.265     18.097      9.286
   8142.857      0.217      0.217      0.217      1.141      1.141      1.141     32.314     16.582      8.509     28.586     14.669      7.528
   8285.714      0.029      0.029      0.099      2.234      2.234      2.234     32.658     16.759      7.818     32.188     16.517      7.422
   8571.429      0.121      0.121      0.121      2.012      2.012      2.012     31.081     15.949      8.185     29.133     14.950      7.672
