#         t   r200_eps r200/2_eps r200/4_eps    r200_pa  r200/2_pa  r200/4_pa   r200_sma r200/2_sma r200/4_sma   r200_smb r200/2_smb r200/4_smb
      0.000      0.012      0.012      0.103      0.942      0.942      0.146    103.110     52.912     27.152    102.496     52.596     25.721
    142.857      0.047      0.045      0.006      0.813      2.477      3.099    106.077     54.434     25.394    103.578     53.208     25.318
    285.714      0.046      0.119      0.072      1.688      1.245      1.935    106.077     54.434     25.394    103.630     51.105     24.464
    428.571      0.053      0.024      0.016      0.760      0.624      2.331    106.077     54.434     25.394    103.212     53.778     25.194
    571.429      0.243      0.171      0.123      1.474      1.534      1.774    106.330     54.564     25.455     92.540     49.694     23.841
    714.286      0.395      0.283      0.134      1.526      1.588      1.840    107.089     54.954     25.636     83.311     46.547     23.863
    857.143      0.506      0.452      0.208      1.554      1.652      1.535    107.596     55.214     25.758     75.650     40.870     22.923
   1000.000      0.542      0.434      0.254      1.549      1.636      1.615    104.837     53.798     27.607     70.913     40.486     23.848
   1142.857      0.541      0.403      0.140      1.568      1.540      1.459    107.343     55.084     25.697     72.712     42.556     23.828
   1285.714      0.403      0.242      0.040      1.604      1.685      1.435    106.583     54.694     25.515     82.355     47.604     24.994
   1428.571      0.169      0.167      0.066      1.671      1.697      1.671    104.811     53.785     25.091     95.555     49.092     24.244
   1571.429      0.076      0.157      0.095      0.110      1.552      1.907    102.026     52.356     24.424     98.060     48.068     23.240
   1714.286      0.156      0.300      0.125      1.720      1.698      1.612     98.988     50.797     23.697     90.955     42.488     22.171
   1857.143      0.177      0.177      0.219      1.289      1.289      1.433     94.230     48.355     24.814     85.505     43.877     21.925
   2000.000      0.175      0.175      0.074      1.474      1.474      1.474     94.431     48.458     22.606     85.751     44.004     21.751
   2142.857      0.239      0.239      0.077      1.410      1.410      2.092     89.543     45.950     23.579     78.108     40.082     22.658
   2285.714      0.090      0.090      0.095      1.288      1.288      2.433     90.127     46.250     21.576     85.964     44.113     20.526
   2428.571      0.185      0.185      0.074      1.724      1.724      1.924     86.336     44.304     22.735     77.941     39.996     21.882
   2571.429      0.225      0.225      0.024      1.479      1.479      1.479     87.342     44.820     20.909     76.868     39.446     20.652
   2714.286      0.129      0.129      0.129      0.803      0.803      0.554     86.077     44.171     20.606     80.339     41.227     19.233
   2857.143      0.141      0.141      0.016      1.815      1.815      0.803     83.129     42.659     21.891     77.066     39.547     21.717
   3000.000      0.211      0.211      0.118      1.313      1.313      2.401     84.558     43.391     20.242     75.086     38.531     19.009
   3142.857      0.023      0.023      0.023      1.614      1.614      0.249     84.051     43.132     20.121     83.077     42.632     19.888
   3285.714      0.140      0.140      0.040      1.969      1.969      0.398     83.545     42.872     20.000     77.464     39.751     19.591
   3428.571      0.131      0.131      0.137      1.243      1.243      1.515     83.292     42.742     19.939     77.664     39.854     18.520
   3571.429      0.126      0.126      0.007      1.821      1.821      0.250     83.039     42.612     19.879     77.635     39.839     19.804
   3714.286      0.297      0.297      0.116      1.554      1.554      1.914     82.785     42.482     19.818     69.412     35.619     18.636
   3857.143      0.507      0.341      0.195      1.387      1.438      1.302     81.403     41.772     21.436     57.131     33.901     19.231
   4000.000      0.283      0.283      0.104      1.423      1.423      1.354     85.570     43.911     20.485     72.465     37.186     19.387
   4142.857      0.411      0.365      0.225      1.634      1.567      1.418     83.376     42.785     21.956     63.985     34.092     19.332
   4285.714      0.186      0.186      0.181      1.634      1.634      0.690     82.883     42.532     21.826     74.791     38.380     19.747
   4428.571      0.027      0.027      0.112      0.599      0.599      0.287     83.798     43.002     20.061     82.655     42.415     18.900
   4571.429      0.009      0.009      0.142      0.206      0.206      2.343     82.532     42.352     19.758     82.153     42.157     18.304
   4714.286      0.095      0.095      0.095      1.863      1.863      1.863     78.443     40.253     20.656     74.606     38.285     19.646
   4857.143      0.100      0.100      0.100      2.427      2.427      2.427     75.729     38.861     19.942     71.855     36.873     18.922
   5000.000      0.206      0.206      0.206      1.539      1.539      1.539     74.002     37.975     19.487     65.928     33.832     17.361
   5142.857      0.215      0.215      0.202      2.137      2.137      1.878     74.937     38.455     17.939     66.404     34.076     16.024
   5285.714      0.288      0.288      0.416      1.141      1.141      0.718     74.178     38.065     17.758     62.574     32.110     13.569
   5428.571      0.317      0.317      0.217      0.577      0.577      0.799     73.418     37.675     17.576     60.658     31.127     15.554
   5714.286      0.295      0.295      0.295      0.574      0.574      0.574     68.608     35.207     16.424     57.596     29.556     13.788
   5857.143      0.207      0.207      0.207      0.080      0.080      0.080     63.149     32.405     16.629     56.220     28.850     14.805
   6000.000      0.112      0.112      0.112      0.530      0.530      0.530     59.202     30.380     15.590     55.799     28.634     14.694
   6142.857      0.115      0.115      0.115      1.647      1.647      1.647     56.242     28.861     14.810     52.922     27.157     13.936
   6285.714      0.093      0.093      0.093      2.041      2.041      2.041     54.268     27.848     14.291     51.697     26.529     13.613
   6428.571      0.093      0.093      0.093      0.062      0.062      0.062     54.022     27.722     14.226     51.450     26.402     13.548
   6571.429      0.145      0.145      0.145      0.534      0.534      0.534     55.009     28.228     14.485     50.871     26.105     13.396
   6714.286      0.198      0.198      0.198      1.273      1.273      1.273     54.762     28.101     14.421     49.057     25.174     12.918
   7000.000      0.143      0.143      0.143      2.170      2.170      2.170     52.788     27.089     13.901     48.880     25.083     12.872
   8000.000      0.042      0.042      0.042      2.839      2.839      2.839     48.595     24.937     12.797     47.563     24.407     12.525
   8142.857      0.068      0.068      0.068      1.368      1.368      1.368     49.088     25.190     12.926     47.400     24.324     12.482
   8285.714      0.077      0.077      0.077      2.044      2.044      2.044     48.595     24.937     12.797     46.699     23.964     12.297
   8428.571      0.031      0.031      0.031      1.497      1.497      1.497     48.102     24.684     12.667     47.352     24.299     12.469
   8714.286      0.123      0.123      0.123      1.398      1.398      1.398     50.568     25.950     13.316     47.357     24.302     12.471
   9000.000      0.048      0.048      0.048      1.571      1.571      1.571     45.635     23.418     12.017     44.522     22.847     11.724
   9428.571      0.128      0.128      0.128      1.351      1.351      1.351     44.895     23.038     11.822     41.926     21.515     11.041
  10428.571      0.117      0.117      0.117      0.645      0.645      0.645     43.168     22.152     11.368     40.571     20.819     10.684
