#         t   r200_eps r200/2_eps r200/4_eps    r200_pa  r200/2_pa  r200/4_pa   r200_sma r200/2_sma r200/4_sma   r200_smb r200/2_smb r200/4_smb
      0.000      0.049      0.049      0.017      2.688      0.778      2.688    105.824     54.304     25.333    103.184     52.950     25.123
    142.857      0.052      0.052      0.052      1.611      1.611      2.487    106.077     54.434     25.394    103.255     52.986     24.719
    285.714      0.042      0.042      0.108      1.538      1.538      1.763    106.077     54.434     25.394    103.828     53.280     23.979
    428.571      0.104      0.150      0.096      1.330      1.466      2.003    106.077     54.434     25.394    100.433     50.197     24.146
    571.429      0.237      0.275      0.157      1.574      1.395      1.827    106.330     54.564     25.455     92.888     46.460     23.377
    714.286      0.299      0.287      0.135      1.550      1.582      1.758    107.089     54.954     25.636     89.693     46.413     23.848
    857.143      0.258      0.154      0.091      1.565      1.480      1.607    107.596     55.214     25.758     92.658     50.777     24.557
   1000.000      0.098      0.182      0.171      1.381      1.611      1.493    107.596     55.214     25.758    102.197     49.951     23.455
   1142.857      0.187      0.210      0.230      1.466      1.498      1.622    104.590     53.671     27.542     94.323     47.697     24.163
   1285.714      0.206      0.316      0.214      1.596      1.577      1.669    106.583     54.694     25.515     94.979     45.237     22.618
   1428.571      0.248      0.290      0.226      1.591      1.553      1.707    102.123     52.405     26.892     88.584     44.167     23.660
   1571.429      0.383      0.252      0.195      1.605      1.608      1.582     99.410     51.013     26.178     78.104     44.121     23.481
   1714.286      0.541      0.339      0.106      1.593      1.606      1.824     98.988     50.797     23.697     67.050     41.305     22.402
   1857.143      0.249      0.249      0.120      1.771      1.771      1.709     96.710     49.627     23.152     83.831     43.019     21.723
   2000.000      0.219      0.219      0.083      1.691      1.691      1.571     94.431     48.458     22.606     83.463     42.830     21.645
   2142.857      0.172      0.172      0.070      1.761      1.761      1.247     91.899     47.159     22.000     83.623     42.912     21.215
   2285.714      0.102      0.102      0.088      0.931      0.931      2.741     90.127     46.250     21.576     85.389     43.818     20.609
   2428.571      0.073      0.073      0.073      2.386      2.386      2.386     86.336     44.304     22.735     83.129     42.658     21.891
   2571.429      0.331      0.129      0.080      1.546      1.460      2.194     87.342     44.820     20.909     71.413     41.828     20.055
   2714.286      0.189      0.189      0.064      1.500      1.500      0.924     86.077     44.171     20.606     77.514     39.777     19.932
   2857.143      0.333      0.236      0.062      1.559      1.754      0.447     85.317     43.781     20.424     69.673     38.280     19.778
   3000.000      0.155      0.155      0.095      1.591      1.591      1.751     84.558     43.391     20.242     77.744     39.895     19.252
   3142.857      0.338      0.212      0.072      1.996      1.893      2.209     84.051     43.132     20.121     68.390     38.299     19.385
   3285.714      0.339      0.201      0.013      2.046      2.046      0.491     81.403     41.772     21.436     66.186     37.341     21.295
   3428.571      0.012      0.012      0.072      2.688      2.688      1.923     83.292     42.742     19.939     82.799     42.489     19.207
   3571.429      0.049      0.049      0.049      2.259      2.259      2.259     80.909     41.519     21.306     78.882     40.479     20.772
   3714.286      0.315      0.189      0.041      1.989      2.033      1.768     82.785     42.482     19.818     68.504     38.255     19.407
   3857.143      0.320      0.320      0.101      1.923      1.923      1.808     83.545     42.872     20.000     68.886     35.349     18.958
   4000.000      0.367      0.367      0.122      1.840      1.840      1.736     85.570     43.911     20.485     68.105     34.949     19.191
   4142.857      0.529      0.310      0.240      1.864      1.794      1.721     85.570     43.911     20.485     58.715     36.478     17.857
   4285.714      0.386      0.369      0.347      1.840      1.960      2.016     85.064     43.651     20.364     66.658     34.678     16.451
   4428.571      0.472      0.491      0.324      1.905      2.032      2.053     81.649     41.899     21.501     59.337     29.905     17.679
   4571.429      0.425      0.425      0.274      2.036      2.036      2.251     80.416     41.266     21.176     60.998     31.302     18.049
   4857.143      0.322      0.322      0.230      2.119      2.119      2.405     75.729     38.861     19.942     62.369     32.005     17.494
   5000.000      0.263      0.263      0.222      2.149      2.149      1.855     75.950     38.974     18.182     65.194     33.455     16.040
   5285.714      0.129      0.129      0.379      0.570      0.570      0.716     74.178     38.065     17.758     69.231     35.526     13.999
   5571.429      0.058      0.058      0.058      2.959      2.959      2.959     69.562     35.696     18.318     67.517     34.647     17.779
   5714.286      0.112      0.112      0.112      2.065      2.065      2.065     66.849     34.304     17.603     63.005     32.332     16.591
   5857.143      0.203      0.203      0.203      2.636      2.636      2.636     63.149     32.405     16.629     56.364     28.924     14.842
   6000.000      0.099      0.099      0.099      0.120      0.120      0.120     59.202     30.380     15.590     56.203     28.841     14.800
   6142.857      0.060      0.060      0.060      1.133      1.133      1.133     56.242     28.861     14.810     54.540     27.987     14.362
   6285.714      0.027      0.027      0.027      1.571      1.571      1.571     54.268     27.848     14.291     53.528     27.468     14.096
   6428.571      0.157      0.157      0.157      1.618      1.618      1.618     54.022     27.722     14.226     49.603     25.454     13.062
   6571.429      0.205      0.205      0.205      1.195      1.195      1.195     55.009     28.228     14.485     49.038     25.164     12.913
   6857.143      0.192      0.192      0.192      1.339      1.339      1.339     53.775     27.595     14.161     48.325     24.798     12.725
   7142.857      0.187      0.187      0.187      2.842      2.842      2.842     52.788     27.089     13.901     47.602     24.427     12.535
   7285.714      0.064      0.064      0.064      2.095      2.095      2.095     52.048     26.709     13.706     50.365     25.845     13.263
   7571.429      0.098      0.098      0.098      2.678      2.678      2.678     49.582     25.443     13.056     47.088     24.164     12.400
   8000.000      0.062      0.062      0.062      0.231      0.231      0.231     48.595     24.937     12.797     47.062     24.150     12.393
   8428.571      0.148      0.148      0.148      1.914      1.914      1.914     48.102     24.684     12.667     44.392     22.780     11.690
   8714.286      0.168      0.168      0.168      0.056      0.056      0.056     50.568     25.950     13.316     46.118     23.666     12.144
   9428.571      0.063      0.063      0.063      0.079      0.079      0.079     44.895     23.038     11.822     43.463     22.303     11.445
   9714.286      0.198      0.198      0.198      1.876      1.876      1.876     45.635     23.418     12.017     40.881     20.978     10.765
