#         t   r200_eps r200/2_eps r200/4_eps    r200_pa  r200/2_pa  r200/4_pa   r200_sma r200/2_sma r200/4_sma   r200_smb r200/2_smb r200/4_smb
      0.000      0.022      0.068      0.022      1.272      2.248      0.825    105.824     54.304     25.333    104.664     52.430     25.056
    142.857      0.027      0.027      0.106      1.481      1.481      1.410    106.077     54.434     25.394    104.639     53.696     24.011
    285.714      0.158      0.033      0.101      1.429      0.962      1.116    106.077     54.434     25.394     97.347     53.542     24.071
    428.571      0.182      0.152      0.066      1.313      1.261      1.313    106.077     54.434     25.394     95.913     50.137     24.548
    571.429      0.221      0.284      0.127      0.907      1.035      1.034    106.330     54.564     25.455     93.822     46.162     23.790
    714.286      0.447      0.325      0.113      0.676      0.661      0.429    107.089     54.954     25.636     79.656     45.143     24.150
    857.143      0.528      0.426      0.173      0.380      0.239      0.246    107.596     55.214     25.758     73.943     41.825     23.420
   1000.000      0.504      0.413      0.245      0.057      2.880      2.461    107.596     55.214     25.758     75.769     42.308     22.383
   1142.857      0.450      0.357      0.137      2.801      2.489      2.094    107.343     55.084     25.697     79.573     44.171     23.871
   1285.714      0.346      0.251      0.153      2.453      1.998      1.227    103.850     53.292     27.347     83.993     46.115     25.171
   1428.571      0.360      0.212      0.118      2.148      1.907      0.730    104.811     53.785     25.091     83.875     47.759     23.566
   1571.429      0.270      0.285      0.116      2.214      1.170      0.459    102.026     52.356     24.424     87.156     44.284     22.965
   1714.286      0.286      0.254      0.177      1.054      1.009      3.066     98.988     50.797     23.697     83.645     43.869     21.501
   1857.143      0.208      0.208      0.208      0.271      0.271      0.271     94.230     48.355     24.814     83.876     43.042     22.087
   2000.000      0.046      0.046      0.034      2.726      2.726      1.156     94.431     48.458     22.606     92.239     47.333     22.218
   2142.857      0.065      0.065      0.034      0.075      0.075      1.646     91.899     47.159     22.000     88.860     45.599     21.622
   2285.714      0.165      0.165      0.123      0.545      0.545      0.057     90.127     46.250     21.576     82.344     42.256     20.207
   2428.571      0.165      0.165      0.103      0.561      0.561      0.197     88.608     45.470     21.212     80.991     41.561     20.092
   2571.429      0.048      0.048      0.048      2.773      2.773      2.773     85.103     43.671     22.410     83.031     42.608     21.865
   2714.286      0.179      0.179      0.029      0.405      0.405      3.036     86.077     44.171     20.606     77.992     40.022     20.308
   2857.143      0.221      0.221      0.072      0.108      0.108      3.054     85.317     43.781     20.424     75.295     38.638     19.674
   3000.000      0.137      0.137      0.044      0.242      0.242      2.775     84.558     43.391     20.242     78.541     40.304     19.793
   3142.857      0.083      0.083      0.132      0.621      0.621      2.375     84.051     43.132     20.121     80.479     41.299     18.741
   3285.714      0.141      0.141      0.024      0.572      0.572      2.495     83.545     42.872     20.000     77.440     39.739     19.757
   3428.571      0.123      0.123      0.070      0.170      0.170      0.426     83.292     42.742     19.939     77.997     40.025     19.225
   3571.429      0.160      0.160      0.018      2.872      2.872      1.301     83.039     42.612     19.879     76.103     39.053     19.699
   3714.286      0.084      0.084      0.059      3.091      3.091      2.819     82.785     42.482     19.818     79.213     40.649     19.229
   3857.143      0.231      0.231      0.053      0.099      0.099      2.243     83.545     42.872     20.000     73.285     37.607     19.468
   4000.000      0.329      0.329      0.189      2.806      2.806      2.344     85.570     43.911     20.485     70.107     35.976     18.452
   4285.714      0.455      0.455      0.313      2.377      2.238      1.853     85.064     43.651     20.364     62.771     32.211     16.880
   4428.571      0.347      0.347      0.224      1.825      1.825      1.559     81.649     41.899     21.501     65.973     33.855     18.940
   4571.429      0.416      0.332      0.287      1.885      1.720      0.745     82.532     42.352     19.758     63.048     34.602     16.688
   4714.286      0.087      0.087      0.087      3.032      3.032      3.032     78.443     40.253     20.656     74.939     38.456     19.734
   4857.143      0.188      0.188      0.031      0.790      0.790      0.790     77.722     39.884     18.606     70.040     35.941     18.312
   5000.000      0.030      0.030      0.030      2.911      2.911      2.911     74.002     37.975     19.487     72.884     37.401     19.193
   5142.857      0.131      0.131      0.131      2.560      2.560      2.560     73.016     37.469     19.227     68.062     34.926     17.923
   5285.714      0.240      0.240      0.244      1.441      1.441      0.863     72.276     37.089     19.032     62.988     32.323     16.552
   5428.571      0.203      0.203      0.019      1.764      1.764      1.586     71.536     36.709     18.838     63.875     32.778     18.660
   5571.429      0.036      0.036      0.036      0.289      0.289      0.289     69.562     35.696     18.318     68.289     35.043     17.983
   5714.286      0.261      0.261      0.201      0.504      0.504      0.775     68.608     35.207     16.424     58.992     30.272     14.678
   5857.143      0.159      0.159      0.159      0.539      0.539      0.539     63.149     32.405     16.629     57.912     29.718     15.250
   6857.143      0.217      0.217      0.217      2.449      2.449      2.449     53.775     27.595     14.161     47.599     24.426     12.534
   7142.857      0.024      0.024      0.024      0.713      0.713      0.713     52.788     27.089     13.901     52.154     26.763     13.734
   8000.000      0.096      0.096      0.096      1.269      1.269      1.269     48.595     24.937     12.797     46.211     23.713     12.169
   8142.857      0.034      0.034      0.034      0.790      0.790      0.790     49.088     25.190     12.926     48.240     24.755     12.703
   8285.714      0.138      0.138      0.138      1.104      1.104      1.104     48.595     24.937     12.797     45.106     23.147     11.878
   8571.429      0.060      0.060      0.060      1.432      1.432      1.432     48.842     25.063     12.862     47.351     24.298     12.469
   8714.286      0.401      0.401      0.367      2.996      2.996      3.060     51.899     26.632     12.424     40.162     20.609      9.885
   9714.286      0.220      0.220      0.220      0.302      0.302      0.302     45.635     23.418     12.017     40.296     20.678     10.611
